{
  "accessors": [
    {
      "bufferView": 1,
      "componentType": 5126,
      "count": 65532,
      "max": [
        1.1672159433364868,
        2.6526570320129395,
        0.9540578126907349
      ],
      "min": [
        -9.832816123962402,
        -4.632480144500732,
        -0.5032358169555664
      ],
      "type": "VEC3"
    },
    {
      "bufferView": 1,
      "byteOffset": 786384,
      "componentType": 5126,
      "count": 65532,
      "max": [
        1.0,
        1.0,
        1.0
      ],
      "min": [
        -1.0,
        -1.0,
        -1.0
      ],
      "type": "VEC3"
    },
    {
      "bufferView": 0,
      "componentType": 5125,
      "count": 386535,
      "type": "SCALAR"
    },
    {
      "bufferView": 1,
      "byteOffset": 1572768,
      "componentType": 5126,
      "count": 60259,
      "max": [
        9.832816123962402,
        3.849824905395508,
        1.3967039585113525
      ],
      "min": [
        -9.812949180603027,
        -5.345347881317139,
        -0.7985895872116089
      ],
      "type": "VEC3"
    },
    {
      "bufferView": 1,
      "byteOffset": 2295876,
      "componentType": 5126,
      "count": 60259,
      "max": [
        1.0,
        1.0,
        1.0
      ],
      "min": [
        -1.0,
        -1.0,
        -1.0
      ],
      "type": "VEC3"
    },
    {
      "bufferView": 0,
      "byteOffset": 1546140,
      "componentType": 5125,
      "count": 351129,
      "type": "SCALAR"
    }
  ],
  "asset": {
    "extras": {
      "author": "Punin8r (https://sketchfab.com/Punin8r)",
      "license": "CC-BY-4.0 (http://creativecommons.org/licenses/by/4.0/)",
      "source": "https://sketchfab.com/3d-models/attack-uav-d11afe89092b41e4a06c93709dc4ee2f",
      "title": "Attack UAV"
    },
    "generator": "Sketchfab-12.68.0",
    "version": "2.0"
  },
  "bufferViews": [
    {
      "buffer": 0,
      "byteLength": 2950656,
      "name": "floatBufferViews",
      "target": 34963
    },
    {
      "buffer": 0,
      "byteLength": 3018984,
      "byteOffset": 2950656,
      "byteStride": 12,
      "name": "floatBufferViews",
      "target": 34962
    }
  ],
  "buffers": [
    {
      "byteLength": 5969640,
      "uri": "scene.bin"
    }
  ],
  "materials": [
    {
      "doubleSided": true,
      "name": "Material",
      "pbrMetallicRoughness": {
        "baseColorFactor": [
          0.8,
          0.8,
          0.8,
          1.0
        ],
        "metallicFactor": 0.0,
        "roughnessFactor": 0.6
      }
    }
  ],
  "meshes": [
    {
      "name": "Material-material",
      "primitives": [
        {
          "attributes": {
            "NORMAL": 1,
            "POSITION": 0
          },
          "indices": 2,
          "material": 0,
          "mode": 4
        }
      ]
    },
    {
      "name": "Material-material",
      "primitives": [
        {
          "attributes": {
            "NORMAL": 4,
            "POSITION": 3
          },
          "indices": 5,
          "material": 0,
          "mode": 4
        }
      ]
    }
  ],
  "nodes": [
    {
      "children": [
        1
      ],
      "matrix": [
        0.9993839859962463,
        0.0037454233970493156,
        -0.03489425778388977,
        0.0,
        -0.03491756692528725,
        0.006349834613502248,
        -0.9993700385093689,
        0.0,
        -0.003521491074934602,
        0.9999728202819824,
        0.0064767044968905285,
        0.0,
        -0.025057263672351837,
        0.004756361246109009,
        -0.0014658595900982607,
        1.0
      ],
      "name": "Sketchfab_model"
    },
    {
      "children": [
        2,
        5,
        7
      ],
      "name": "Collada visual scene group"
    },
    {
      "children": [
        3,
        4
      ],
      "name": "Cube"
    },
    {
      "mesh": 0,
      "name": "Material-material"
    },
    {
      "mesh": 1,
      "name": "Material-material"
    },
    {
      "children": [
        6
      ],
      "matrix": [
        -0.2908646,
        0.9551712,
        -0.05518906,
        0.0,
        -0.7711008,
        -0.1998834,
        0.6045247,
        0.0,
        0.5663932,
        0.2183912,
        0.7946723,
        0.0,
        4.076245,
        1.005454,
        5.903862,
        1.0
      ],
      "name": "Lamp"
    },
    {
      "name": "Lamp"
    },
    {
      "children": [
        8
      ],
      "matrix": [
        0.6859207,
        0.7276763,
        0.0,
        0.0,
        -0.3240135,
        0.3054208,
        0.8953956,
        0.0,
        0.6515582,
        -0.6141704,
        0.4452714,
        0.0,
        7.481132,
        -6.50764,
        5.343665,
        1.0
      ],
      "name": "Camera"
    },
    {
      "name": "Camera-camera"
    }
  ],
  "scene": 0,
  "scenes": [
    {
      "name": "Sketchfab_Scene",
      "nodes": [
        0
      ]
    }
  ]
}
